#n err_avu err_avl err_avus err_avls err_aru err_arl err_arus err_arls
10 5.670666e-16 2.035626e-15 5.299534e-16 1.919951e-15 2.938137e-17 0.000000e+00 8.566068e-17 5.887407e-17
20 9.772261e-15 2.446378e-14 1.104836e-14 1.083111e-14 8.369655e-17 0.000000e+00 8.711413e-17 1.392622e-16
30 1.172892e-13 6.855531e-13 3.042441e-12 1.659582e-13 7.621295e-17 0.000000e+00 3.358344e-17 1.232455e-16
40 6.270122e-10 3.294173e-09 2.177269e-10 4.693293e-10 6.894195e-17 0.000000e+00 6.196816e-17 1.610752e-16
50 1.979221e-06 8.588111e-08 1.212948e-06 1.019490e-07 7.586330e-17 0.000000e+00 7.707558e-17 2.042949e-16
60 1.401836e-08 4.006152e-07 1.705498e-08 8.260403e-08 7.494171e-17 0.000000e+00 7.441552e-17 1.574683e-16
70 2.339920e-03 6.973262e-03 3.935230e-02 7.285404e-03 4.934054e-17 0.000000e+00 3.034605e-16 3.154996e-16
80 2.809189e-01 6.469194e-01 9.663663e-02 1.109144e-01 8.827378e-17 0.000000e+00 4.112789e-16 4.217609e-16
90 1.218964e+03 1.525498e+02 8.396438e-02 5.350992e-02 2.440852e-18 0.000000e+00 5.146536e-16 3.039970e-16
100 2.158763e-01 3.186506e+04 8.574130e-03 1.705156e-01 8.075222e-17 4.262044e-19 5.075433e-16 2.854179e-16
110 2.344450e+02 3.408513e+04 8.091368e-02 1.104810e-01 4.650636e-18 1.115596e-18 1.057638e-15 4.086889e-16
120 2.658411e+09 7.177846e+07 1.352898e-01 5.234808e-03 2.733027e-18 3.969026e-20 5.313446e-16 3.971631e-16
130 1.145939e+09 3.846433e+10 4.714539e-02 3.641229e-01 2.795632e-18 5.402856e-19 6.624350e-16 4.699923e-16
140 1.258094e+05 3.600179e+05 9.008308e-02 1.762371e-01 3.236709e-18 1.822524e-19 3.673124e-16 6.475703e-16
150 2.917519e+11 9.453763e+12 6.917767e-02 6.836288e-02 8.805437e-18 6.563991e-19 7.576005e-16 3.877566e-16
160 4.207491e+12 3.155210e+15 9.023308e-02 1.103653e-01 1.932702e-18 8.406552e-19 4.600869e-16 4.302055e-16
170 7.501346e+15 5.439485e+12 2.848317e-01 1.885261e-01 1.604481e-17 4.560925e-19 4.925254e-16 6.042799e-16
180 4.093270e+17 6.620730e+12 1.003869e-01 1.631091e-01 2.624140e-18 3.325741e-19 1.120286e-15 7.436539e-16
190 1.501471e+14 9.966879e+16 9.644244e-02 7.317029e-02 9.488892e-18 6.201199e-19 7.424729e-16 5.396046e-16
200 1.307990e+24 5.040943e+25 7.258359e-02 2.306983e-01 2.081112e-18 4.055062e-20 4.864468e-16 3.873544e-16
210 1.866141e+18 2.216499e+15 1.700213e-01 1.724531e-01 1.923382e-19 1.037828e-19 6.247550e-16 4.734385e-16
220 6.661066e+19 4.694022e+26 1.302057e-01 1.585855e-01 2.121610e-18 1.198673e-19 5.522834e-16 4.955546e-16
230 5.064392e+25 1.544094e+23 8.985595e-02 1.740798e-01 3.251145e-18 1.734841e-19 5.973770e-16 6.416850e-16
240 1.359757e+30 1.889132e+26 1.496969e-01 1.475487e-01 2.692245e-18 3.474273e-20 1.581858e-15 4.695603e-16
250 1.398967e+28 1.157214e+25 5.224201e-02 1.171302e-01 1.537453e-18 4.790164e-22 8.428236e-16 4.864308e-16
260 1.914892e+30 1.555825e+31 3.251273e-01 2.586384e-01 3.743212e-18 9.501850e-20 1.171784e-15 5.459600e-16
270 3.370711e+31 1.367640e+33 1.255172e-01 2.136244e-01 2.153630e-18 2.943242e-25 1.118859e-15 6.834561e-16
280 2.304682e+36 7.228629e+33 1.680591e-01 1.939352e-01 1.414505e-18 4.134492e-19 7.807886e-16 6.000914e-16
290 3.755587e+45 4.549564e+44 5.494231e-01 1.444120e-01 2.553011e-18 3.354533e-21 1.033256e-15 4.735367e-16
300 9.062230e+30 2.234813e+28 1.868675e-01 1.217880e-01 3.644320e-18 1.022576e-19 7.503377e-16 5.781159e-16
310 1.238774e+47 3.356069e+42 1.329145e-01 1.180412e-01 2.665673e-18 3.903178e-22 1.013074e-15 5.490849e-16
320 4.348291e+47 2.765677e+42 2.494363e-01 1.982976e-01 1.218492e-19 4.220589e-19 7.651755e-16 6.005279e-16
330 2.063013e+48 5.030321e+46 2.069253e-01 2.885447e-01 2.409749e-18 4.607813e-23 9.392495e-16 5.627362e-16
340 4.945699e+48 8.413939e+50 2.852745e-01 1.537126e-01 5.029635e-19 3.541534e-19 1.089792e-15 6.219316e-16
350 8.288902e+59 7.918649e+58 4.069677e-01 2.287610e-01 1.832413e-18 7.130535e-21 7.234955e-16 4.078053e-16
360 1.642456e+37 5.560003e+43 2.869915e-01 1.694103e-01 3.792759e-18 7.323774e-20 7.580656e-16 8.147421e-16
370 1.698234e+42 6.273493e+46 1.869414e-01 2.065598e-01 4.252391e-18 6.190236e-20 6.710856e-16 8.218739e-16
380 3.100379e+48 3.796226e+48 2.289159e-01 2.093731e-01 2.562130e-18 3.850500e-21 6.962110e-16 8.932555e-16
390 7.104199e+61 1.673268e+62 2.435281e-01 1.776224e-01 1.676722e-18 7.370589e-22 7.032445e-16 5.598812e-16
400 1.396079e+57 4.020874e+52 2.538642e-01 2.398949e-01 1.022264e-18 5.686159e-21 1.060331e-15 5.652897e-16
410 1.008074e+49 2.851973e+54 2.197176e-01 1.712045e-01 7.633578e-19 9.972123e-21 7.453332e-16 6.833015e-16
420 4.093055e+60 3.416392e+69 1.959667e-01 2.270670e-01 1.180185e-18 1.225053e-20 1.273510e-15 6.079008e-16
430 5.205389e+62 3.797809e+67 2.947143e-01 2.858160e-01 6.918960e-19 1.184842e-20 1.358922e-15 1.073905e-15
440 1.476961e+60 1.392923e+67 8.803145e-02 2.358910e-01 2.418428e-19 1.291206e-19 8.490596e-16 5.102897e-16
450 1.456942e+79 3.379716e+71 2.615920e-01 3.556969e-01 8.217448e-19 3.680635e-32 1.917831e-15 6.993985e-16
460 3.929951e+73 1.025287e+71 1.458804e-01 2.163348e-01 1.641595e-18 5.168481e-25 1.139547e-15 6.767060e-16
470 1.962632e+69 1.824414e+63 8.262396e-02 5.241585e-01 8.613356e-19 6.849008e-21 1.218379e-15 6.634115e-16
480 1.656763e+76 4.821526e+77 3.705435e-01 1.476664e-01 5.954851e-19 1.368158e-20 9.192623e-16 1.029587e-15
490 6.428029e+97 3.291342e+85 2.798380e-01 2.235729e-01 2.345995e-18 3.207073e-24 1.507778e-15 6.104125e-16
500 4.236917e+78 2.045604e+82 2.232333e-01 1.651710e-01 1.246777e-18 1.842233e-22 1.170700e-15 8.092483e-16
510 1.572082e+71 3.654768e+67 2.426202e-01 1.675618e-01 3.356535e-19 8.339310e-20 1.262405e-15 5.840783e-16
520 1.344995e+85 1.833770e+83 2.148468e-01 2.944756e-01 1.241121e-18 5.035377e-22 1.017613e-15 8.195436e-16
530 8.797880e+70 5.529493e+69 5.080093e-01 1.857889e-01 1.280003e-18 2.133018e-24 7.821018e-16 1.260100e-15
540 1.146774e+98 1.268651e+104 1.844917e-01 2.107642e-01 2.721218e-18 3.770385e-20 8.929669e-16 6.408438e-16
550 3.001933e+77 9.373761e+81 3.275690e-01 1.751149e-01 3.993944e-19 6.399558e-25 1.004816e-15 6.229761e-16
560 4.482936e+85 2.736018e+81 1.959703e-01 4.241161e-01 9.229970e-19 1.570948e-20 1.219931e-15 7.150267e-16
570 2.153175e+96 4.659650e+104 2.892644e-01 3.004292e-01 1.129892e-18 6.633370e-21 1.099656e-15 1.316183e-15
580 1.291234e+92 1.329343e+103 2.239497e-01 1.752078e-01 1.347471e-18 2.387716e-19 7.785417e-16 1.128562e-15
590 1.752987e+91 1.707523e+85 1.743656e-01 2.597908e-01 1.681153e-18 1.200005e-21 9.498227e-16 7.206816e-16
600 1.052190e+103 1.132645e+97 2.881982e-01 1.358018e-01 5.150364e-19 1.595105e-20 1.221318e-15 1.089098e-15
610 1.005623e+90 4.541046e+89 1.741925e-01 2.977385e-01 1.092900e-19 8.955827e-20 1.576392e-15 7.766455e-16
620 2.635041e+100 7.306302e+105 2.248414e-01 3.252762e-01 4.816918e-19 1.928829e-22 1.473702e-15 8.292535e-16
630 1.845548e+94 9.113409e+96 2.697974e-01 2.037145e-01 1.007828e-18 9.257120e-25 1.165374e-15 6.835266e-16
640 4.403522e+97 5.495492e+99 2.284495e-01 2.580566e-01 1.830156e-18 2.663018e-19 9.378407e-16 6.937702e-16
650 4.441496e+101 6.811594e+93 2.640940e-01 3.744673e-01 9.669858e-19 1.909567e-19 1.629322e-15 8.365635e-16
660 2.868988e+115 5.196777e+122 1.694127e-01 2.720048e-01 8.234309e-20 4.664819e-20 1.225605e-15 9.319352e-16
670 7.748787e+108 1.210219e+112 2.369603e-01 1.665665e-01 9.634541e-19 1.805039e-21 7.802454e-16 1.002742e-15
680 4.513575e+118 1.385198e+115 1.647925e-01 2.688441e-01 4.483872e-19 4.849380e-20 2.421156e-15 1.040095e-15
690 9.138843e+116 1.515922e+111 2.609053e-01 4.968314e-01 1.124681e-18 5.097321e-20 1.398912e-15 6.380753e-16
700 1.386394e+125 2.439881e+122 1.532484e-01 2.952959e-01 4.426200e-19 8.761587e-23 1.458019e-15 7.258651e-16
710 1.390587e+128 3.420880e+121 2.714189e-01 2.117901e-01 3.645814e-20 2.310857e-30 8.680785e-16 7.952820e-16
720 2.569753e+129 2.859694e+132 1.996424e-01 3.899979e-01 3.185692e-19 9.884473e-22 8.174571e-16 7.117966e-16
730 2.879246e+122 2.618025e+116 4.344118e-01 3.319348e-01 3.268292e-19 2.999397e-19 1.075569e-15 1.389827e-15
740 6.524776e+131 8.648421e+128 2.604921e-01 2.574891e-01 1.319737e-19 9.663543e-20 2.549732e-15 7.136887e-16
750 1.349104e+134 5.447003e+139 2.370363e-01 2.033033e-01 3.313395e-19 2.061956e-19 2.009082e-15 1.471087e-15
760 1.083146e+132 6.463459e+124 3.919828e-01 2.991047e-01 1.066575e-18 2.381419e-21 8.871279e-16 1.033715e-15
770 4.069175e+119 5.290730e+113 2.086030e-01 2.693435e-01 7.232578e-19 3.130087e-26 1.007117e-15 1.220629e-15
780 7.130662e+122 1.756091e+124 2.846572e-01 3.571701e-01 3.169663e-19 6.510620e-23 1.161085e-15 7.724543e-16
790 1.677379e+118 6.945588e+124 1.607115e-01 2.758399e-01 1.247600e-18 1.286275e-19 2.509294e-15 9.768521e-16
800 1.627489e+140 4.741868e+133 2.921976e-01 1.971311e-01 9.179478e-19 1.269363e-20 1.411708e-15 9.632191e-16
810 3.740195e+138 6.755482e+136 3.151030e-01 2.597817e-01 1.099667e-18 1.835506e-20 1.565252e-15 8.828653e-16
820 7.950580e+140 6.941612e+142 6.250851e-01 3.210772e-01 1.321047e-19 1.820528e-20 1.842645e-15 1.013807e-15
830 2.296693e+131 3.578019e+137 3.517109e-01 2.097707e-01 1.274911e-18 3.618150e-23 8.103926e-16 1.034761e-15
840 4.248678e+146 1.201917e+146 3.261509e-01 2.583308e-01 1.935366e-19 1.070236e-20 1.923735e-15 9.105640e-16
850 4.834290e+133 1.761158e+126 3.206908e-01 3.983204e-01 1.429140e-19 1.914194e-20 9.050720e-16 8.092083e-16
860 2.554517e+148 2.572862e+156 3.606660e-01 4.125240e-01 4.470387e-19 1.948553e-27 1.148063e-15 1.053081e-15
870 1.653137e+147 1.945461e+154 4.776906e-01 1.967605e-01 1.344804e-18 3.171374e-23 1.598003e-15 1.064421e-15
880 3.228504e+145 6.112733e+144 2.023408e-01 3.953299e-01 4.048093e-19 1.956161e-22 2.093394e-15 7.993841e-16
890 6.603043e+157 1.257555e+160 3.088374e-01 1.823759e-01 4.755705e-20 2.841374e-23 1.850862e-15 9.364130e-16
900 1.452657e+178 1.693729e+165 3.049358e-01 2.853097e-01 2.921025e-19 1.562811e-21 1.790660e-15 7.032784e-16
910 3.651164e+136 4.737338e+145 4.045384e-01 2.755178e-01 8.528638e-20 5.732310e-21 1.479620e-15 1.055840e-15
920 2.454395e+145 6.954807e+159 6.116519e-01 3.534577e-01 3.912093e-19 1.659291e-22 1.075810e-15 9.326499e-16
930 1.142249e+166 1.023098e+169 1.886708e-01 1.353237e-01 5.978638e-19 5.523411e-22 1.091156e-15 1.160547e-15
940 1.041062e+142 6.820444e+142 1.885834e-01 4.609049e-01 6.819294e-19 8.433891e-21 2.184584e-15 7.073212e-16
950 2.046738e+175 5.452372e+169 3.376340e-01 3.346559e-01 3.605442e-19 3.169060e-21 1.244040e-15 9.066646e-16
960 3.465104e+163 2.866773e+162 4.223859e-01 3.356288e-01 1.585123e-19 2.104463e-19 8.822169e-16 8.265940e-16
970 3.443851e+163 5.187663e+154 3.028160e-01 2.575691e-01 5.996956e-19 8.149280e-23 1.069753e-15 1.014095e-15
980 6.512546e+173 1.746892e+169 3.371844e-01 3.419375e-01 9.257425e-20 7.727851e-30 1.455522e-15 8.683416e-16
1000 1.592600e+156 1.585400e+148 3.078272e-01 2.644221e-01 1.031519e-19 1.260509e-19 1.314859e-15 1.711238e-15
