10 0.000000e+00 0.000000e+00 1.220152e-15 1.709450e-16
20 0.000000e+00 0.000000e+00 3.055130e-14 1.452609e-16
30 0.000000e+00 0.000000e+00 2.022738e-14 1.595031e-16
40 0.000000e+00 0.000000e+00 5.429913e-15 1.848938e-16
50 0.000000e+00 0.000000e+00 1.072284e-14 2.518469e-16
60 0.000000e+00 0.000000e+00 2.086850e-13 1.888418e-16
70 0.000000e+00 0.000000e+00 2.331223e-14 3.098763e-16
80 0.000000e+00 0.000000e+00 1.242995e-13 2.695297e-16
90 0.000000e+00 0.000000e+00 1.575523e-13 4.513830e-16
100 0.000000e+00 0.000000e+00 3.740761e-14 4.070924e-16
110 0.000000e+00 0.000000e+00 3.560932e-14 3.638221e-16
120 0.000000e+00 0.000000e+00 2.857656e-13 3.639692e-16
130 0.000000e+00 0.000000e+00 1.945116e-13 4.232745e-16
140 0.000000e+00 0.000000e+00 8.382719e-13 3.761856e-16
150 0.000000e+00 0.000000e+00 1.701797e-13 3.744268e-16
160 0.000000e+00 0.000000e+00 6.821567e-14 4.635765e-16
170 0.000000e+00 0.000000e+00 9.998009e-14 4.600682e-16
180 0.000000e+00 0.000000e+00 2.125845e-13 4.442836e-16
190 0.000000e+00 0.000000e+00 7.346238e-13 4.617290e-16
200 0.000000e+00 0.000000e+00 5.071513e-12 4.434740e-16
